3.
141592653589793238462643383279502884197169399375105
82097494459230781640628620899862803482534211706798
21480865132823066470938446095505822317253594081284
81117450284102701938521105559644622948954930381964
42881097566593344612847564823378678316527120190914
56485669234603486104543266482133936072602491412737
24587006606315588174881520920962829254091715364367
89259036001133053054882046652138414695194151160943
30572703657595919530921861173819326117931051185480
74462379962749567351885752724891227938183011949129
83367336244065664308602139494639522473719070217986
09437027705392171762931767523846748184676694051320
00568127145263560827785771342757789609173637178721
46844090122495343014654958537105079227968925892354
20199561121290219608640344181598136297747713099605
18707211349999998372978049951059731732816096318595
02445945534690830264252230825334468503526193118817
10100031378387528865875332083814206171776691473035
98253490428755468731159562863882353787593751957781
85778053217122680661300192787661119590921642019893
80952572010654858632788659361533818279682303019520
35301852968995773622599413891249721775283479131515
57485724245415069595082953311686172785588907509838
17546374649393192550604009277016711390098488240128
58361603563707660104710181942955596198946767837449
44825537977472684710404753464620804668425906949129
33136770289891521047521620569660240580381501935112
53382430035587640247496473263914199272604269922796
78235478163600934172164121992458631503028618297455
57067498385054945885869269956909272107975093029553
21165344987202755960236480665499119881834797753566
36980742654252786255181841757467289097777279380008
16470600161452491921732172147723501414419735685481
61361157352552133475741849468438523323907394143334
54776241686251898356948556209921922218427255025425
68876717904946016534668049886272327917860857843838
27967976681454100953883786360950680064225125205117
39298489608412848862694560424196528502221066118630
67442786220391949450471237137869609563643719172874
67764657573962413890865832645995813390478027590099
46576407895126946839835259570982582262052248940772
67194782684826014769909026401363944374553050682034
96252451749399651431429809190659250937221696461515
70985838741059788595977297549893016175392846813826
86838689427741559918559252459539594310499725246808
45987273644695848653836736222626099124608051243884
39045124413654976278079771569143599770012961608944
16948685558484063534220722258284886481584560285060
16842739452267467678895252138522549954666727823986
45659611635488623057745649803559363456817432411251
50760694794510965960940252288797108931456691368672
28748940560101503308617928680920874760917824938589
00971490967598526136554978189312978482168299894872
26588048575640142704775551323796414515237462343645
42858444795265867821051141354735739523113427166102
13596953623144295248493718711014576540359027993440
37420073105785390621983874478084784896833214457138
68751943506430218453191048481005370614680674919278
19119793995206141966342875444064374512371819217999
83910159195618146751426912397489409071864942319615
67945208095146550225231603881930142093762137855956
63893778708303906979207734672218256259966150142150
30680384477345492026054146659252014974428507325186
66002132434088190710486331734649651453905796268561
00550810665879699816357473638405257145910289706414
01109712062804390397595156771577004203378699360072
30558763176359421873125147120532928191826186125867
32157919841484882916447060957527069572209175671167
22910981690915280173506712748583222871835209353965
72512108357915136988209144421006751033467110314126
71113699086585163983150197016515116851714376576183
51556508849099898599823873455283316355076479185358
93226185489632132933089857064204675259070915481416
54985946163718027098199430992448895757128289059232
33260972997120844335732654893823911932597463667305
83604142813883032038249037589852437441702913276561
80937734440307074692112019130203303801976211011004
49293215160842444859637669838952286847831235526582
13144957685726243344189303968642624341077322697802
80731891544110104468232527162010526522721116603966
65573092547110557853763466820653109896526918620564
76931257058635662018558100729360659876486117910453
34885034611365768675324944166803962657978771855608
45529654126654085306143444318586769751456614068007
00237877659134401712749470420562230538994561314071
12700040785473326993908145466464588079727082668306
34328587856983052358089330657574067954571637752542
02114955761581400250126228594130216471550979259230
99079654737612551765675135751782966645477917450112
99614890304639947132962107340437518957359614589019
38971311179042978285647503203198691514028708085990
48010941214722131794764777262241425485454033215718
53061422881375850430633217518297986622371721591607
71669254748738986654949450114654062843366393790039
76926567214638530673609657120918076383271664162748
88800786925602902284721040317211860820419000422966
17119637792133757511495950156604963186294726547364
25230817703675159067350235072835405670403867435136
22224771589150495309844489333096340878076932599397
80541934144737744184263129860809988868741326047215
69516239658645730216315981931951673538129741677294
78672422924654366800980676928238280689964004824354
03701416314965897940924323789690706977942236250822
16889573837986230015937764716512289357860158816175
57829735233446042815126272037343146531977774160319
90665541876397929334419521541341899485444734567383
16249934191318148092777710386387734317720754565453
22077709212019051660962804909263601975988281613323
16663652861932668633606273567630354477628035045077
72355471058595487027908143562401451718062464362679
45612753181340783303362542327839449753824372058353
11477119926063813346776879695970309833913077109870
40859133746414428227726346594704745878477872019277
15280731767907707157213444730605700733492436931138
35049316312840425121925651798069411352801314701304
78164378851852909285452011658393419656213491434159
56258658655705526904965209858033850722426482939728
58478316305777756068887644624824685792603953527734
80304802900587607582510474709164396136267604492562
74204208320856611906254543372131535958450687724602
90161876679524061634252257719542916299193064553779
91403734043287526288896399587947572917464263574552
54079091451357111369410911939325191076020825202618
79853188770584297259167781314969900901921169717372
78476847268608490033770242429165130050051683233643
50389517029893922334517220138128069650117844087451
96012122859937162313017114448464090389064495444006
19869075485160263275052983491874078668088183385102
28334508504860825039302133219715518430635455007668
28294930413776552793975175461395398468339363830474
61199665385815384205685338621867252334028308711232
82789212507712629463229563989898935821167456270102
18356462201349671518819097303811980049734072396103
68540664319395097901906996395524530054505806855019
56730229219139339185680344903982059551002263535361
92041994745538593810234395544959778377902374216172
71117236434354394782218185286240851400666044332588
85698670543154706965747458550332323342107301545940
51655379068662733379958511562578432298827372319898
75714159578111963583300594087306812160287649628674
46047746491599505497374256269010490377819868359381
46574126804925648798556145372347867330390468838343
63465537949864192705638729317487233208376011230299
11367938627089438799362016295154133714248928307220
12690147546684765357616477379467520049075715552781
96536213239264061601363581559074220202031872776052
77219005561484255518792530343513984425322341576233
61064250639049750086562710953591946589751413103482
27693062474353632569160781547818115284366795706110
86153315044521274739245449454236828860613408414863
77670096120715124914043027253860764823634143346235
18975766452164137679690314950191085759844239198629
16421939949072362346468441173940326591840443780513
33894525742399508296591228508555821572503107125701
26683024029295252201187267675622041542051618416348
47565169998116141010029960783869092916030288400269
10414079288621507842451670908700069928212066041837
18065355672525325675328612910424877618258297651579
59847035622262934860034158722980534989650226291748
78820273420922224533985626476691490556284250391275
77102840279980663658254889264880254566101729670266
40765590429099456815065265305371829412703369313785
17860904070866711496558343434769338578171138645587
36781230145876871266034891390956200993936103102916
16152881384379099042317473363948045759314931405297
63475748119356709110137751721008031559024853090669
20376719220332290943346768514221447737939375170344
36619910403375111735471918550464490263655128162288
24462575916333039107225383742182140883508657391771
50968288747826569959957449066175834413752239709683
40800535598491754173818839994469748676265516582765
84835884531427756879002909517028352971634456212964
04352311760066510124120065975585127617858382920419
74844236080071930457618932349229279650198751872127
26750798125547095890455635792122103334669749923563
02549478024901141952123828153091140790738602515227
42995818072471625916685451333123948049470791191532
67343028244186041426363954800044800267049624820179
28964766975831832713142517029692348896276684403232
60927524960357996469256504936818360900323809293459
58897069536534940603402166544375589004563288225054
52556405644824651518754711962184439658253375438856
90941130315095261793780029741207665147939425902989
69594699556576121865619673378623625612521632086286
92221032748892186543648022967807057656151446320469
27906821207388377814233562823608963208068222468012
24826117718589638140918390367367222088832151375560
03727983940041529700287830766709444745601345564172
54370906979396122571429894671543578468788614445812
31459357198492252847160504922124247014121478057345
51050080190869960330276347870810817545011930714122
33908663938339529425786905076431006383519834389341
59613185434754649556978103829309716465143840700707
36041123735998434522516105070270562352660127648483
08407611830130527932054274628654036036745328651057
06587488225698157936789766974220575059683440869735
02014102067235850200724522563265134105592401902742
16248439140359989535394590944070469120914093870012
64560016237428802109276457931065792295524988727584
6101264836999892256959688159205600101655256375678 
